4294967279,519
4294967278,335
4294967279,546
4294967279,517
4294967279,11
4294967278,331
4294967279,245
4294967278,244
4294967278,245
98,6
98,5
4294967278,237
98,4
98,3
98,2
98,1
4294967279,326
4294967279,232
4294967279,325
4294967279,174
4294967278,231
4294967278,228
4294967294,973
4294967294,967
4294967278,226
4294967279,226
4294967278,224
4294967279,223
4294967279,221
4294967278,220
4294967279,219
4294967279,512
4294967278,212
4294967278,211
4294967279,240
4294967279,4
4294967279,558
4294967278,368
4294967279,541
4294967278,207
4294967279,10
4294967279,540
4294967278,367
4294967279,557
4294967279,318
4294967278,203
4294967278,324
4294967279,199
4294967278,198
4294967279,9
4294967279,8
4294967279,7
4294967279,6
4294967279,5
4294967279,197
4294967279,556
4294967278,192
95,6
95,5
95,4
95,3
95,2
95,1
4294967278,315
4294967278,314
4294967279,184
4294967279,183
4294967278,181
4294967279,181
4294967278,179
4294967279,179
4294967294,917
4294967294,960
4294967294,176
4294967294,902
4294967294,401
4294967294,170
4294967294,912
4294967294,898
4294967278,310
4294967279,324
4294967278,332
4294967278,330
4294967278,251
4294967278,235
4294967279,251
4294967279,514
4294967279,559
4294967278,362
4294967279,166
4294967279,165
4294967278,164
4294967294,1418
4294967279,296
4294967278,303
4294967279,293
4294967278,300
4294967279,155
4294967279,291
4294967278,342
92,5
4294967279,151
92,4
92,3
92,2
92,1
4294967278,296
4294967278,149
4294967279,288
4294967294,395
4294967294,406
4294967294,169
4294967294,386
4294967294,109
90,6
4294967279,142
4294967279,141
90,5
4294967279,139
90,4
4294967279,138
90,3
90,2
90,1
4294967279,137
4294967279,272
4294967278,277
4294967279,134
4294967278,136
4294967278,290
4294967279,285
4294967279,528
4294967278,135
89,5
89,4
89,3
89,2
89,1
4294967279,270
4294967278,288
88,5
88,4
88,3
88,2
88,1
4294967278,285
4294967278,357
4294967279,257
87,5
4294967278,262
4294967279,255
4294967278,261
87,4
87,3
87,2
87,1
4294967278,257
4294967279,323
4294967278,255
4294967279,516
4294967278,333
4294967279,545
4294967278,250
4294967278,252
4294967279,544
0,5
4294967278,321
4294967278,316
4294967278,322
4294967278,363
4294967279,313
4294967279,306
4294967279,237
4294967278,234
4294967279,236
4294967278,233
4294967279,230
4294967279,228
4294967278,227
4294967279,222
4294967279,542
4294967278,354
4294967278,210
4294967279,209
4294967278,328
4294967279,204
4294967278,202
4294967294,7
4294967294,1415
4294967294,399
4294967294,407
4294967294,167
4294967294,460
4294967294,111
4294967294,455
4294967294,405
4294967294,461
4294967278,323
4294967278,385
4294967279,196
4294967279,195
4294967279,194
4294967279,193
4294967278,191
4294967279,191
4294967278,190
83,5
4294967279,190
83,4
83,3
83,2
83,1
4294967279,534
4294967278,185
4294967279,185
4294967278,184
4294967279,182
4294967278,182
81,6
4294967278,384
81,5
81,4
81,3
81,2
81,1
4294967278,176
4294967278,175
4294967279,303
4294967279,172
4294967278,173
4294967279,554
4294967278,172
80,5
4294967279,171
4294967279,170
80,4
4294967278,169
80,3
80,2
80,1
4294967279,169
4294967278,168
4294967279,301
4294967279,297
4294967279,163
4294967279,162
79,5
4294967279,161
79,4
4294967278,160
79,3
79,2
79,1
4294967278,302
4294967279,158
4294967279,292
4294967278,298
4294967279,157
78,5
4294967278,155
78,4
4294967279,153
78,3
78,2
78,1
4294967279,152
4294967278,150
4294967279,148
4294967279,147
4294967279,146
4294967278,146
4294967278,361
4294967279,322
4294967279,143
4294967279,550
4294967278,360
4294967279,549
4294967294,1414
4294967294,83
4294967278,292
4294967278,141
4294967278,359
4294967293,131
4294967293,130
4294967293,129
4294967293,128
4294967293,127
4294967293,126
4294967293,125
4294967293,124
4294967293,123
4294967293,122
4294967293,121
4294967293,120
4294967293,119
4294967293,118
4294967293,117
4294967293,116
4294967293,115
4294967293,114
4294967293,113
4294967293,112
4294967293,111
4294967293,110
4294967293,109
4294967293,108
4294967293,107
4294967293,106
4294967293,105
4294967293,104
4294967293,103
4294967293,102
4294967293,101
4294967293,100
4294967293,99
4294967293,98
4294967293,97
4294967293,96
4294967293,95
4294967293,94
4294967293,93
4294967293,92
4294967293,91
4294967293,90
4294967293,89
4294967293,87
4294967293,86
4294967293,85
4294967293,84
4294967293,83
4294967293,82
4294967293,81
4294967293,80
4294967293,79
4294967293,78
4294967293,77
4294967293,76
4294967293,75
4294967293,74
4294967293,73
4294967293,72
4294967293,71
4294967293,70
4294967293,69
4294967293,68
4294967293,67
4294967293,66
4294967293,65
4294967293,64
4294967293,63
4294967293,62
4294967293,61
4294967293,60
4294967293,59
4294967293,58
4294967293,57
4294967293,56
4294967293,55
4294967293,54
4294967293,53
4294967293,52
4294967293,51
4294967293,50
4294967293,49
4294967293,48
4294967293,47
4294967293,46
4294967293,45
4294967293,44
4294967293,43
4294967293,42
4294967293,41
4294967293,40
4294967293,39
4294967293,38
4294967293,37
4294967293,36
4294967293,35
4294967293,34
4294967293,33
4294967293,32
4294967293,31
4294967293,30
4294967293,29
4294967293,28
4294967293,27
4294967293,26
4294967293,25
4294967293,24
4294967293,23
4294967293,22
4294967293,21
4294967293,20
4294967293,19
4294967293,18
4294967293,17
4294967293,16
4294967293,15
4294967293,14
4294967293,13
4294967293,12
4294967293,11
4294967293,10
4294967293,9
4294967293,8
4294967293,7
4294967293,6
4294967293,5
4294967293,4
4294967293,3
4294967279,104
4294967279,103
4294967279,102
4294967279,100
4294967279,99
4294967279,98
4294967279,97
4294967279,94
4294967279,91
4294967279,90
4294967279,89
4294967279,87
4294967279,85
4294967279,84
4294967279,83
4294967279,82
4294967279,80
4294967279,79
4294967279,78
4294967279,77
4294967279,74
4294967279,73
4294967279,72
4294967279,71
4294967279,70
4294967279,69
4294967279,68
